1931360813
1931451262
1931517734
1931590878
1931614867
1932624865
1932684352
1932844211
1932901137
1942758219
1949765627
1949903779
1950003480
1983833224
1983935601
1988088869
1988224785
1988608319
1988681024
1994485257
1994546198
1994705912
1994796877
1995166705
1998839461
1998888251
1998968429
1998989895
1999049886
2009178462
2009420067
2009596429
2018610757
2018878005
2019902309
2020131520
2020392118
2020493205
2026572521
2026752897
2026952856
2031022873
2031110171
2031147214
2042626893
2042704299
2042778340
2042883621
2076549897
2076802736
2076839261
2076983096
2077018900
2082541153
2082566230
2086216972
2086277065
2086330365
2096388720
2096452586
2105937026
2106090037
2106150225
2113279695
2117184772
2117389806
